1
164
252 73
247 76
243 80
241 85
240 90
240 95
238 100
233 104
228 106
223 107
218 107
213 104
209 101
204 98
199 95
194 94
189 94
184 95
180 99
176 103
172 108
167 111
162 113
157 118
153 123
148 127
143 131
138 132
133 135
128 139
125 144
122 149
119 154
116 158
111 162
107 165
104 170
103 175
103 180
106 185
111 186
116 187
121 187
126 185
129 180
132 176
137 173
142 171
147 168
152 166
157 163
162 161
167 159
172 161
177 163
182 168
184 173
187 178
187 183
188 188
188 193
188 198
188 203
186 208
185 213
183 218
180 223
178 228
173 233
168 237
163 242
158 247
153 249
148 249
143 250
138 254
134 259
134 264
134 269
137 274
141 277
146 278
151 277
156 275
161 274
166 273
171 272
176 273
181 272
186 271
191 268
196 264
199 259
202 254
206 250
211 247
216 244
221 241
226 237
231 236
236 237
241 239
245 243
248 248
251 253
251 258
251 263
251 268
252 273
255 278
259 282
264 282
269 282
274 278
276 273
277 268
278 263
278 258
277 253
279 248
281 243
282 238
282 233
282 228
279 223
274 219
269 215
264 213
259 209
254 206
250 202
246 199
241 196
236 193
231 190
226 185
223 180
221 175
219 170
219 165
220 160
222 155
227 151
232 147
237 144
242 142
247 142
252 141
257 140
262 138
267 135
270 130
272 125
272 120
272 115
271 110
270 105
269 100
268 95
269 90
268 85
267 80
263 77
258 75
253 73
