1
164
245 88
240 92
238 97
237 102
236 107
235 112
232 117
227 120
222 120
217 120
212 117
207 113
202 110
197 107
192 107
187 108
182 111
177 115
173 120
168 123
163 124
158 124
153 124
148 121
144 117
141 112
139 107
138 102
135 97
130 93
125 91
120 90
115 92
111 97
109 102
108 107
109 112
111 117
113 122
114 127
115 132
116 137
117 142
120 147
125 152
130 153
135 155
140 155
145 156
150 159
155 161
160 163
165 165
170 168
174 173
179 178
182 183
184 188
185 193
184 198
183 203
182 208
182 213
181 218
179 223
177 228
174 233
172 238
169 243
164 247
159 252
154 254
149 256
144 257
139 259
134 260
129 264
125 268
123 273
123 278
126 283
131 284
136 286
141 287
146 286
151 285
156 284
161 285
166 285
171 285
176 284
181 281
185 278
190 273
194 268
199 264
204 261
209 259
214 255
219 254
224 254
229 254
233 259
238 264
240 269
241 274
241 279
241 284
241 289
242 294
245 299
250 302
255 302
260 300
265 296
268 291
269 286
269 281
269 276
270 271
271 266
272 261
274 256
274 251
273 246
270 241
266 236
261 233
256 231
251 228
247 223
242 219
237 215
232 210
227 207
224 202
222 197
219 192
218 187
218 182
218 177
220 172
224 167
229 163
234 160
239 157
244 155
249 153
254 153
259 151
264 148
268 144
271 139
272 134
272 129
270 124
268 119
267 114
266 109
266 104
266 99
263 94
259 89
254 88
249 88
