1
156
247 70
242 72
237 76
233 80
229 84
224 87
219 90
214 94
209 99
206 104
201 107
196 108
191 106
186 102
181 99
176 98
171 97
166 94
163 89
161 84
158 80
153 76
148 73
143 72
138 73
135 78
133 83
128 85
123 83
118 86
117 91
115 96
112 101
110 106
109 111
109 116
109 121
111 126
114 131
118 136
123 140
128 144
133 148
138 153
143 156
148 159
153 162
158 167
160 172
163 177
165 182
166 187
166 192
165 197
165 202
164 207
164 212
163 217
161 222
159 227
157 232
154 236
150 239
145 243
140 246
135 251
130 254
125 255
120 256
115 258
111 263
109 268
109 273
110 278
114 282
119 284
124 284
129 282
134 281
139 281
144 281
149 281
154 280
159 279
164 276
169 272
173 268
176 263
181 258
186 255
191 252
196 249
201 247
206 246
211 247
216 248
220 252
223 257
226 262
227 267
226 272
226 277
228 282
231 287
235 291
240 293
245 292
249 289
252 284
254 279
254 274
255 269
254 264
255 259
257 254
258 249
259 244
259 239
257 234
254 230
249 227
244 224
239 222
235 218
231 214
226 210
221 206
216 204
212 199
207 194
202 189
199 184
198 179
198 174
199 169
201 164
204 159
208 155
213 151
217 146
221 141
224 136
228 131
233 128
238 123
242 118
245 113
248 108
253 103
258 100
262 95
265 90
265 85
264 80
260 76
255 71
250 70
