1
169
127 55
122 57
117 59
113 64
112 69
112 74
112 79
114 84
115 89
118 94
121 99
123 104
125 109
130 113
135 117
140 118
145 119
150 120
155 122
159 126
164 130
169 133
173 138
176 143
179 148
180 153
181 158
179 163
177 168
175 173
174 178
173 183
171 188
167 193
162 197
158 202
153 205
148 208
143 210
138 212
134 217
130 222
129 227
128 232
129 237
128 242
127 247
126 252
124 257
125 262
125 267
127 272
132 274
137 275
142 274
147 271
150 267
152 262
153 257
153 252
158 247
163 244
167 239
172 236
177 235
182 232
187 231
192 231
197 230
202 228
207 228
212 228
217 229
222 231
227 232
232 236
237 240
241 245
243 250
244 255
245 260
247 265
250 269
255 271
260 271
265 270
269 265
270 260
271 255
271 250
269 245
267 240
267 235
267 230
266 225
266 220
263 215
260 210
255 207
250 205
245 204
240 203
235 199
230 196
225 192
221 187
218 182
215 177
214 172
214 167
215 162
216 157
220 152
224 147
229 142
234 140
239 137
244 133
248 129
253 125
258 122
263 118
268 116
273 113
278 108
283 105
288 103
293 100
298 96
303 91
305 86
305 81
303 76
299 71
294 68
289 67
284 67
279 70
274 74
269 77
264 80
259 82
254 84
249 86
244 88
239 90
234 92
229 94
224 90
220 86
215 83
210 80
205 79
200 80
195 83
190 87
185 88
180 91
175 91
170 92
165 90
160 87
155 85
150 81
147 76
143 71
141 66
137 61
133 57
128 56
