1
173
122 59
117 61
113 65
111 70
110 75
111 80
113 85
114 90
116 95
117 100
117 105
119 110
121 115
125 120
130 123
135 125
140 126
145 127
150 131
155 136
160 140
165 144
167 149
168 154
169 159
169 164
169 169
165 174
162 179
159 184
157 189
154 194
149 198
144 201
139 204
134 206
129 206
124 207
119 207
114 208
109 211
104 214
99 216
94 217
89 218
84 220
80 223
78 228
77 233
78 238
80 243
85 246
90 246
95 246
100 245
105 244
110 243
115 244
120 245
125 244
130 243
135 242
140 241
145 240
150 240
155 239
160 239
165 238
170 238
175 239
180 238
185 239
190 240
195 241
200 242
205 244
210 247
215 248
220 250
225 252
230 252
235 252
240 250
245 250
250 249
255 249
260 250
265 250
270 249
275 245
276 240
277 235
274 231
271 226
266 224
261 223
256 224
251 224
246 223
241 221
236 219
231 218
226 216
221 214
216 213
211 208
206 204
203 199
202 194
200 189
199 184
200 179
202 174
204 169
209 165
214 160
219 156
224 154
229 152
234 149
239 145
244 142
249 140
254 139
259 136
263 132
268 129
273 126
278 122
283 122
288 120
293 118
297 113
298 108
299 103
297 98
294 93
289 91
284 91
279 93
274 95
269 97
264 99
259 99
254 100
249 101
244 102
239 104
234 106
229 109
224 109
219 105
214 100
210 95
205 92
200 92
195 95
190 96
185 97
180 99
175 99
170 100
165 99
160 97
155 94
151 89
146 84
144 79
142 74
140 69
137 64
132 61
127 59
null
