1
167
187 73
182 75
177 78
172 82
168 87
163 89
158 92
153 96
148 99
143 103
138 105
133 106
128 108
123 110
118 113
115 118
114 123
113 128
111 133
107 138
102 141
100 146
98 151
98 156
100 161
104 165
109 166
114 165
119 163
123 159
127 154
131 150
136 147
141 144
146 141
151 138
156 136
161 136
166 137
171 141
173 146
175 151
177 156
177 161
176 166
174 171
170 176
165 180
160 182
155 185
150 186
145 186
140 188
135 189
130 191
126 195
124 200
122 205
122 210
120 215
116 219
112 224
111 229
110 234
111 239
112 244
117 248
122 248
127 247
132 244
137 240
140 235
142 230
146 226
151 224
156 221
161 220
166 219
171 218
176 218
181 218
186 219
191 220
196 220
201 221
206 221
211 223
216 223
221 223
226 222
231 221
236 222
241 221
246 222
251 222
256 221
260 216
264 211
268 207
273 202
278 200
283 197
288 192
290 187
290 182
287 177
282 174
277 173
272 174
267 178
263 182
258 184
253 185
248 185
243 186
238 185
233 186
228 186
223 182
221 177
220 172
218 167
216 162
214 157
213 152
212 147
213 142
218 137
223 135
228 134
233 136
238 138
243 138
248 139
253 139
258 138
263 136
268 135
273 136
278 135
283 136
288 135
293 131
296 126
297 121
296 116
292 111
287 108
282 107
277 109
272 108
267 108
262 106
257 104
252 103
247 102
242 101
237 100
232 98
227 96
222 92
217 89
212 86
208 81
203 78
198 75
193 74
188 73
