1
170
264 24
259 25
255 29
251 34
249 39
249 44
249 49
249 54
249 59
247 64
244 69
243 74
244 79
243 84
239 88
237 92
236 97
233 102
231 107
228 112
224 117
220 122
215 126
210 131
205 135
200 136
195 138
190 138
185 137
180 137
175 136
170 137
165 136
160 136
155 136
150 136
145 135
140 132
135 129
130 128
125 129
120 131
115 134
111 138
107 143
103 147
98 151
94 156
90 159
88 164
87 169
88 174
91 179
96 182
101 182
106 180
111 177
116 173
121 170
126 169
131 167
136 168
141 170
146 174
151 177
156 182
158 187
161 192
162 197
164 202
165 207
164 212
164 217
164 222
166 227
169 232
171 237
176 242
179 246
183 251
185 256
188 261
192 266
197 269
202 269
207 268
210 264
212 259
212 254
212 249
210 244
206 239
204 234
202 229
201 224
201 219
200 214
199 209
197 204
198 199
198 194
199 189
200 184
204 179
209 176
213 171
218 166
223 164
228 163
233 164
238 166
242 171
244 176
247 181
249 186
250 191
252 196
254 201
257 206
261 210
266 213
271 218
274 223
278 228
281 233
286 235
291 235
296 233
300 229
302 224
301 219
299 214
296 209
292 204
290 199
288 194
286 189
285 184
283 179
282 174
280 169
280 164
281 159
282 154
284 149
287 144
290 139
292 134
292 129
291 124
289 119
285 114
280 110
276 106
276 101
275 96
276 91
278 86
281 81
283 76
284 71
283 66
281 61
280 56
280 51
279 46
280 41
279 36
275 31
270 27
265 25
