1
170
162 86
157 89
154 94
151 99
150 104
149 109
147 114
145 119
141 124
139 129
139 134
140 139
143 144
146 149
150 154
153 159
156 164
158 169
159 174
162 179
163 184
166 189
167 194
167 199
168 204
167 209
168 214
167 219
165 224
166 229
165 234
167 239
170 244
173 249
176 254
178 259
180 264
181 269
183 274
186 279
191 281
196 282
201 280
205 275
207 270
207 265
206 260
203 255
201 250
201 245
202 240
202 235
201 230
201 225
201 220
201 215
204 210
206 205
209 200
214 195
219 193
224 191
229 190
234 192
239 193
243 198
245 203
247 208
249 213
250 218
251 223
252 228
251 233
252 238
253 243
256 248
260 253
264 257
267 261
271 266
273 271
278 276
283 281
288 282
293 281
298 277
301 272
302 267
301 262
298 257
294 252
292 247
290 242
289 237
288 232
287 227
286 222
285 217
286 212
289 207
293 202
298 199
303 196
307 192
308 187
308 182
308 177
305 172
301 167
300 162
299 157
299 152
297 147
296 142
296 137
296 132
297 127
296 122
296 117
294 112
292 107
287 103
282 100
277 99
272 98
267 97
262 94
258 90
253 89
248 87
243 87
238 88
234 92
234 97
235 102
238 107
243 111
248 114
253 119
255 124
257 129
258 134
258 139
256 144
252 148
247 151
242 153
237 156
232 157
227 158
222 156
217 154
212 153
207 153
202 152
197 150
192 148
188 143
184 138
179 133
177 128
175 123
175 118
176 113
177 108
178 103
178 98
177 93
173 88
168 86
163 86
