1
166
173 61
168 63
163 65
161 70
161 75
161 80
162 85
164 90
167 95
168 100
168 105
169 110
171 115
174 120
176 125
178 130
179 135
177 140
175 145
171 150
167 155
162 158
157 161
152 165
147 169
142 172
139 177
138 182
138 187
138 192
138 197
138 202
136 207
134 212
134 217
134 222
138 227
143 230
148 230
153 228
158 225
160 220
162 215
163 210
163 205
167 200
170 195
173 190
178 187
183 186
188 186
193 185
198 185
203 184
208 187
213 189
218 191
223 194
228 198
230 203
230 208
228 213
227 218
224 223
222 228
219 233
215 238
210 243
208 248
207 253
205 258
206 263
206 268
207 273
206 278
204 283
202 288
202 293
205 298
209 303
214 305
219 305
224 301
227 296
228 291
230 286
232 281
234 276
237 271
239 266
242 261
246 256
250 251
255 249
260 248
265 247
270 248
275 248
280 248
285 246
290 242
292 237
294 232
295 227
297 222
299 217
303 212
306 207
308 202
311 197
314 192
318 188
321 183
323 178
324 173
324 168
322 163
318 158
316 153
314 148
312 143
311 138
310 133
307 128
302 125
297 124
292 125
287 128
284 133
284 138
286 143
286 148
290 153
290 158
288 163
286 168
283 173
279 178
274 180
269 179
264 178
259 176
254 174
249 172
244 168
240 163
236 158
233 153
231 148
228 143
226 138
225 133
223 128
220 123
215 118
211 113
207 108
205 103
203 98
200 93
196 88
191 84
189 79
188 74
186 69
182 64
177 62
