1
167
219 51
214 53
210 57
208 62
207 67
206 72
204 77
201 82
198 87
196 92
195 97
194 102
193 107
191 112
189 117
187 122
182 127
177 131
172 135
167 137
162 139
157 141
152 142
147 142
142 144
137 146
132 148
127 151
124 156
122 161
121 166
119 171
115 176
113 181
110 186
110 191
110 196
111 201
116 205
121 205
126 204
131 200
135 195
137 190
141 185
146 182
151 179
156 177
161 176
166 175
171 175
176 176
181 177
186 180
190 184
195 187
200 192
204 197
206 202
207 207
207 212
208 217
207 222
206 227
203 232
200 237
198 242
195 247
192 252
187 257
185 262
184 267
184 272
184 277
184 282
185 287
184 292
183 297
183 302
185 307
188 312
193 314
198 313
202 309
206 305
209 300
210 295
212 290
214 285
217 280
220 275
222 270
225 265
230 261
235 258
240 254
245 256
250 257
255 256
260 254
265 252
270 248
272 243
275 238
280 236
285 237
290 238
295 242
298 247
301 252
304 257
309 260
314 261
319 259
323 254
325 249
325 244
324 239
322 234
318 229
317 224
317 219
316 214
314 209
310 204
306 199
301 197
296 196
291 196
286 196
281 194
276 193
271 191
266 190
261 190
256 189
251 188
246 188
241 186
236 183
231 179
229 174
228 169
226 164
224 159
223 154
223 149
223 144
224 139
223 134
224 129
224 124
225 119
228 114
230 109
232 104
232 99
232 94
231 89
230 84
234 79
236 74
237 69
236 64
235 59
232 54
227 52
222 51
