1
168
247 111
242 113
237 113
232 113
227 114
222 114
217 114
212 115
207 116
202 118
197 119
192 120
187 121
182 121
177 122
172 122
167 123
162 123
157 123
152 123
147 124
142 126
137 128
135 133
135 138
135 143
134 148
135 153
132 158
127 161
125 166
124 171
125 176
127 181
131 184
136 185
141 184
146 183
149 178
151 173
151 168
155 163
160 161
165 158
170 158
175 159
180 161
185 165
188 170
191 175
194 180
196 185
196 190
195 195
194 200
192 205
187 210
183 214
178 219
173 223
171 228
167 232
162 235
159 239
154 243
150 248
149 253
148 258
148 263
148 268
149 273
148 278
147 283
146 288
147 293
149 298
153 302
158 302
163 300
168 296
172 292
174 287
175 282
176 277
179 272
184 267
188 262
193 259
198 259
203 258
208 260
213 262
218 264
223 265
228 264
233 261
237 256
241 252
246 250
251 250
256 251
261 255
266 259
270 264
272 269
274 274
278 279
282 283
287 284
292 284
297 281
300 277
301 272
301 267
299 262
296 257
294 252
294 247
293 242
293 237
291 232
288 227
284 224
279 221
274 220
269 218
264 216
259 212
254 209
249 206
244 204
239 201
234 196
231 191
228 186
226 181
227 176
229 171
230 166
231 161
233 156
238 151
243 149
248 148
253 148
258 148
263 147
268 147
273 149
278 151
283 153
288 153
293 153
298 150
302 146
304 141
303 136
301 131
297 127
292 124
287 123
282 122
277 121
273 117
268 113
263 112
258 111
253 111
248 111
