1
172
138 63
133 66
131 71
132 76
135 81
137 86
140 90
145 94
147 99
148 104
150 109
152 114
154 119
152 124
149 129
144 133
139 133
134 133
129 131
124 130
119 129
114 129
109 129
104 128
99 128
94 127
89 124
84 123
79 123
74 123
69 125
65 129
64 134
65 139
68 144
72 147
77 149
82 150
87 152
92 155
97 158
101 161
106 164
111 165
116 166
121 167
126 170
131 172
136 176
137 181
136 186
132 190
127 193
122 197
117 198
112 198
107 199
102 200
98 204
94 209
93 214
93 219
97 224
102 225
107 226
112 227
117 225
122 224
127 226
132 227
137 228
142 228
147 227
152 225
157 221
162 216
166 211
170 206
175 202
179 198
184 194
189 190
194 187
199 185
204 184
209 184
214 185
219 187
224 188
229 191
234 194
239 199
243 204
247 209
252 211
257 215
262 218
266 223
271 227
276 232
280 235
285 238
290 242
292 247
296 252
300 256
304 260
309 264
312 269
313 274
316 279
319 284
324 287
329 288
334 286
339 283
342 279
343 274
343 269
341 264
337 259
332 255
327 252
325 247
323 242
321 237
318 232
313 229
309 224
308 219
307 214
305 209
301 204
297 199
292 196
287 193
282 189
277 185
272 181
267 177
262 173
257 169
253 164
248 159
244 155
239 153
234 151
229 151
224 150
219 151
214 149
209 147
204 144
201 140
198 135
195 130
193 125
191 120
190 115
189 110
189 105
188 100
186 95
184 90
179 86
175 82
171 79
166 77
161 74
156 70
152 66
147 63
142 63
