1
174
147 85
142 87
138 91
136 96
136 101
139 106
142 111
147 113
152 116
157 120
159 125
162 130
164 135
167 140
168 145
164 150
159 154
154 158
149 159
144 160
139 160
134 160
129 160
124 161
119 162
114 161
109 161
104 160
99 159
94 160
89 161
85 166
84 171
85 176
89 181
93 185
98 186
103 186
108 185
113 186
118 188
123 191
128 193
133 194
138 194
143 192
148 193
153 195
158 197
163 201
166 205
164 210
163 215
160 220
156 224
151 228
146 230
141 231
136 235
135 240
134 245
135 250
138 255
143 258
148 258
153 256
158 253
163 251
168 248
173 249
178 250
183 249
188 247
193 243
197 238
199 233
201 228
204 223
207 219
211 214
214 209
216 204
220 199
225 194
230 190
235 189
240 186
245 185
250 185
255 186
260 186
265 188
270 193
274 198
279 203
281 208
282 213
284 218
285 223
288 228
288 233
289 238
290 243
289 248
290 253
291 258
294 263
293 268
291 273
291 278
291 283
291 288
294 293
299 295
304 295
309 293
313 288
315 283
315 278
315 273
314 268
313 263
315 258
316 253
317 248
317 243
316 238
316 233
316 228
319 223
320 218
320 213
320 208
319 203
317 198
314 193
311 188
309 183
307 178
305 173
301 168
296 163
291 161
286 160
281 158
276 156
271 153
266 151
261 149
256 148
251 148
246 149
241 151
236 152
231 153
226 153
221 150
216 147
212 143
209 138
204 133
202 128
200 123
199 118
197 113
193 108
189 103
184 100
179 98
174 97
169 96
164 92
159 88
154 87
149 86
