1
196
294 80
290 84
285 86
281 88
278 93
275 98
270 101
265 103
260 102
255 97
251 93
246 89
241 88
236 88
231 89
226 93
225 98
225 103
227 108
230 113
235 117
239 122
241 127
242 132
243 137
243 142
241 147
236 152
231 156
226 157
221 158
216 159
211 161
206 164
201 165
196 165
191 166
186 166
181 165
176 164
171 163
166 161
161 159
156 158
151 156
146 154
141 151
136 149
131 147
126 145
121 143
116 139
111 135
106 131
101 127
96 125
91 124
86 123
81 120
76 116
71 114
66 112
61 111
56 112
52 116
50 121
51 126
51 131
54 136
59 139
64 141
69 144
74 149
77 154
81 159
86 162
91 164
96 167
100 170
103 175
105 180
106 185
108 190
107 195
104 200
103 205
100 210
97 215
93 220
91 225
90 230
90 235
93 240
95 245
98 250
100 255
101 260
102 265
104 270
108 275
112 278
117 279
122 278
127 275
131 270
131 265
132 260
130 255
127 250
127 245
126 240
127 235
129 230
131 225
134 220
137 215
142 210
147 206
152 202
157 200
162 199
167 199
172 199
177 200
182 201
187 205
192 210
197 215
201 220
205 225
207 230
207 235
208 240
209 245
211 250
213 255
218 259
223 262
228 265
233 269
237 273
242 278
246 282
251 283
256 283
261 281
265 276
266 271
265 266
263 261
258 257
253 253
250 249
247 244
245 239
243 234
238 229
237 224
237 219
236 214
236 209
236 204
237 199
238 194
242 189
247 185
252 182
257 181
262 179
267 178
272 177
277 175
282 176
287 176
292 177
297 176
302 175
306 170
308 165
308 160
308 155
309 150
309 145
312 140
314 135
315 130
314 125
313 120
312 115
310 110
309 105
309 100
308 95
307 90
305 85
301 81
296 80
