1
196
224 43
219 46
215 51
213 56
212 61
211 66
209 71
204 74
199 74
194 73
189 70
185 66
180 64
175 64
170 65
165 67
162 72
161 77
161 82
162 87
167 91
172 93
177 96
182 101
185 106
188 111
191 116
194 121
194 126
195 131
195 136
194 141
193 146
189 151
187 156
185 161
184 166
182 171
181 176
179 181
176 186
172 191
168 196
163 200
158 204
153 206
148 207
143 208
138 208
133 207
128 207
123 208
118 208
113 208
108 209
103 209
98 208
93 207
88 207
83 208
78 208
73 209
68 209
63 208
58 208
53 208
48 210
44 213
42 218
42 223
43 228
47 233
52 236
57 237
62 237
67 236
72 236
77 240
82 242
87 244
92 244
97 244
102 245
107 245
112 248
117 251
121 255
122 260
122 265
119 270
116 275
114 280
113 285
113 290
114 295
116 300
120 305
125 308
130 310
135 312
140 317
145 319
150 323
155 325
160 326
165 325
170 321
173 316
173 311
171 306
167 302
164 297
160 293
155 289
155 284
156 279
159 274
162 269
163 264
165 259
166 254
169 249
174 244
177 239
181 234
184 229
189 225
194 223
199 220
204 216
209 215
214 215
219 215
224 215
229 215
234 217
239 220
244 224
247 227
249 232
252 237
254 242
255 247
258 252
263 256
268 257
273 256
278 253
280 248
280 243
280 238
279 233
275 228
275 223
274 218
274 213
274 208
273 203
271 198
266 195
261 193
256 191
251 189
246 187
241 185
236 181
231 177
227 172
225 167
224 162
224 157
226 152
231 147
236 143
241 140
246 139
251 138
256 135
258 130
260 125
259 120
259 115
257 110
257 105
258 100
258 95
259 90
258 85
257 80
256 75
252 70
247 65
244 60
241 55
237 50
233 45
228 43
