1
194
248 80
243 82
238 84
234 89
234 94
232 99
231 104
227 108
222 110
217 110
212 107
207 102
202 100
197 98
192 98
187 98
182 101
179 106
179 111
181 116
185 121
189 126
194 128
198 132
201 137
205 142
207 147
208 152
209 157
209 162
209 167
208 172
207 177
205 182
201 187
197 192
195 197
193 202
189 206
184 210
179 214
174 216
169 218
164 217
159 215
154 211
149 206
144 202
139 198
134 196
129 191
125 186
120 182
116 178
111 174
106 172
101 170
97 165
94 161
90 156
85 153
80 152
75 154
71 158
68 163
68 168
69 173
73 177
78 181
83 186
85 191
88 196
90 201
94 206
99 211
104 215
107 220
109 225
109 230
106 235
102 240
97 242
92 243
87 244
82 246
77 249
73 254
68 256
63 257
58 259
53 262
49 266
46 271
46 276
48 281
51 286
56 290
61 291
66 289
71 286
76 284
81 283
86 282
91 282
96 281
101 280
106 278
111 276
116 275
121 273
126 272
131 271
136 270
141 266
146 263
151 262
156 260
161 259
166 257
171 256
176 254
181 252
186 251
191 250
196 250
201 249
206 248
211 247
216 246
221 247
226 248
231 248
236 248
241 247
246 248
251 248
256 249
261 250
266 251
271 251
276 250
281 251
286 251
291 253
296 256
301 256
306 255
310 252
314 247
315 242
314 237
309 233
304 230
299 228
294 227
289 226
284 223
279 220
274 219
269 217
264 216
259 216
254 216
249 215
244 213
239 209
235 204
234 199
234 194
237 189
241 184
246 180
251 176
256 175
261 174
266 173
270 169
273 164
275 159
274 154
273 149
271 144
272 139
273 134
273 129
273 124
272 119
271 114
268 109
266 104
263 99
260 94
259 89
255 84
250 80
