1
193
296 66
291 68
286 70
283 75
280 80
275 84
270 87
265 87
260 83
258 78
255 73
250 70
245 68
240 68
235 70
231 75
228 80
227 85
231 90
235 95
238 100
243 105
246 110
246 115
247 120
247 125
247 130
245 135
243 140
240 145
235 147
230 149
225 151
220 154
215 158
210 160
205 163
200 166
195 167
190 170
185 173
180 176
175 177
170 179
165 180
160 179
155 178
150 175
145 174
140 172
135 171
130 170
125 168
120 167
115 163
110 160
105 159
100 158
95 158
90 155
85 154
80 150
75 148
70 148
65 148
60 151
56 155
55 160
55 165
57 170
60 174
65 176
70 177
75 179
80 182
85 185
89 190
94 193
99 194
104 196
109 199
114 204
119 209
122 214
123 219
123 224
124 229
125 234
127 239
127 244
128 249
127 254
127 259
127 264
128 269
132 274
136 279
141 283
146 288
150 293
153 298
158 301
163 303
168 302
173 300
177 295
178 290
177 285
175 280
170 275
167 270
165 265
164 260
163 255
162 250
162 245
162 240
163 235
165 230
168 226
173 223
178 219
183 215
188 213
193 211
198 208
203 208
208 211
213 214
218 219
221 224
223 229
222 234
217 239
212 243
209 247
208 252
208 257
212 262
217 264
222 265
227 262
232 260
236 256
241 252
246 252
251 251
256 250
261 246
264 241
265 236
264 231
263 226
261 221
256 216
252 211
250 206
249 201
248 196
247 191
248 186
249 181
251 176
256 172
261 168
266 167
271 165
276 163
281 163
286 162
291 163
296 164
301 163
306 161
309 156
311 151
311 146
312 141
314 136
315 131
318 126
319 121
320 116
319 111
318 106
317 101
314 96
315 91
317 86
316 81
314 76
310 72
305 67
300 66
