1
194
101 90
96 92
92 97
90 102
90 107
92 112
95 117
99 122
101 127
103 132
104 137
106 142
109 147
112 152
116 157
118 162
118 167
118 172
117 177
115 182
113 187
111 192
109 197
107 202
106 207
105 212
103 217
100 222
98 227
98 232
100 237
101 242
103 247
108 251
113 254
117 258
121 262
124 267
128 271
133 272
138 273
143 271
147 268
149 263
150 258
148 253
147 248
143 244
140 240
139 235
138 230
139 225
141 220
145 216
150 214
155 214
160 213
165 213
170 213
175 213
180 213
185 216
190 219
195 221
200 223
205 227
208 232
212 236
217 240
222 243
227 247
231 252
233 257
236 262
237 267
236 272
235 277
235 282
236 287
237 292
242 295
247 297
252 296
257 294
260 290
262 285
263 280
263 275
263 270
263 265
266 260
268 255
269 250
269 245
267 240
264 235
259 230
254 227
250 223
246 218
246 213
247 208
249 203
254 199
259 198
264 196
269 195
274 195
279 196
284 195
289 196
294 198
299 198
304 198
309 196
314 191
316 186
317 181
320 176
322 171
325 166
327 161
328 156
330 151
330 146
330 141
330 136
330 131
331 126
331 121
331 116
328 111
323 107
318 106
313 107
308 108
304 112
299 117
294 118
289 119
284 115
281 110
276 105
271 100
266 98
261 98
256 99
251 102
248 107
248 112
248 117
250 122
254 127
257 132
258 137
258 142
257 147
256 152
255 157
251 162
247 166
242 170
237 172
232 172
227 173
222 175
217 178
212 179
207 180
202 182
197 182
192 182
187 181
182 179
177 176
172 173
167 170
164 165
162 160
160 155
155 150
150 146
147 141
143 136
142 131
140 126
137 121
134 116
129 113
124 109
120 104
118 99
115 94
110 91
105 90
