1
196
273 66
268 69
264 74
262 79
262 84
263 89
266 94
268 99
268 104
268 109
268 114
268 119
267 124
264 129
259 133
254 137
249 139
244 140
239 140
234 141
229 143
224 145
219 146
214 147
209 147
204 147
199 148
194 150
189 151
184 151
179 153
174 153
169 153
164 151
159 149
154 147
149 144
144 142
139 139
134 137
129 133
124 130
119 128
114 125
109 124
104 123
99 120
94 116
89 112
84 111
79 111
74 112
69 114
65 117
64 122
64 127
66 132
70 136
75 139
80 140
85 143
88 148
92 153
97 156
102 160
107 162
112 165
117 169
120 174
122 179
123 184
123 189
123 194
123 199
125 204
126 209
128 214
130 219
130 224
131 229
132 234
134 239
135 244
137 249
139 254
139 259
140 264
141 269
142 274
147 279
152 281
157 281
162 280
165 275
168 270
168 265
167 260
165 255
164 250
166 245
167 240
167 235
167 230
167 225
166 220
165 215
165 210
166 205
170 200
175 196
179 192
184 190
189 189
194 188
199 187
204 188
208 193
212 198
217 203
221 208
225 212
230 217
231 222
233 227
231 232
230 237
227 242
224 247
224 252
225 257
229 261
234 263
239 262
244 260
248 255
250 250
251 245
255 240
260 236
265 232
268 227
269 222
269 217
267 212
264 207
260 202
255 198
251 193
250 188
250 183
252 178
257 174
261 170
266 167
271 167
276 166
281 166
286 165
291 167
296 170
301 172
306 173
311 173
316 171
320 166
321 161
322 156
326 151
330 146
334 141
337 136
338 131
340 126
340 121
340 116
340 111
340 106
343 101
343 96
343 91
342 86
338 81
333 80
328 79
323 80
318 84
314 89
311 94
307 91
303 88
299 84
295 79
294 74
290 69
285 67
280 66
275 66
