1
191
274 46
269 48
264 52
260 57
258 62
256 67
253 71
248 72
243 71
238 68
233 66
228 64
223 63
218 63
213 65
208 69
207 74
207 79
208 84
211 89
216 92
221 96
226 100
230 105
232 110
234 115
235 120
235 125
233 130
232 135
229 139
224 143
219 146
214 150
210 154
207 159
202 163
197 166
192 170
187 173
182 175
177 177
172 178
167 178
162 176
157 174
152 172
147 170
142 167
137 165
132 163
127 160
122 158
117 154
112 151
107 149
102 147
97 145
93 142
88 139
83 137
78 136
73 136
68 137
64 141
63 146
63 151
65 156
69 161
74 164
79 166
84 170
88 175
93 180
98 184
103 186
108 188
113 191
116 196
119 201
120 206
120 211
119 216
114 221
109 226
105 230
100 233
97 238
93 242
88 243
83 245
78 247
75 252
70 257
67 262
68 267
73 272
78 275
83 276
88 275
93 274
98 271
103 269
108 267
113 266
118 264
123 262
128 259
132 254
136 249
141 245
146 241
151 238
155 233
160 230
165 225
170 223
175 220
180 216
185 214
190 212
195 209
200 207
205 206
210 205
215 205
220 208
225 211
230 212
235 214
240 215
245 219
247 224
248 229
246 234
246 239
247 244
249 249
254 253
259 254
264 253
269 250
271 245
273 240
274 235
275 230
280 226
283 222
285 217
286 212
287 207
286 202
283 197
279 192
274 190
269 189
264 188
259 186
254 182
250 177
250 172
249 167
251 162
255 157
260 153
265 150
270 147
275 144
280 144
285 145
290 145
295 141
300 136
303 131
304 126
304 121
304 116
303 111
303 106
304 101
304 96
304 91
305 86
304 81
301 76
297 71
295 66
291 61
289 56
284 51
279 47
null
