1
62
198 110
193 112
188 115
185 119
180 124
175 126
170 130
165 133
160 136
155 140
150 142
145 145
140 147
135 152
130 156
125 161
120 166
115 170
110 173
106 177
104 182
103 187
107 192
110 197
115 200
120 200
125 200
130 196
135 191
140 188
145 187
150 186
155 184
160 183
164 178
169 175
174 175
179 175
184 177
189 181
194 183
199 186
204 187
209 187
214 185
219 181
221 176
223 171
227 166
232 163
237 159
241 154
243 149
242 144
240 139
235 134
230 132
225 128
220 123
216 118
211 113
206 111
201 110
