1
196
287 73
282 78
277 83
275 88
274 93
271 98
267 103
262 105
257 106
252 104
248 100
243 96
238 94
233 94
228 95
223 99
221 104
221 109
223 114
226 119
231 122
236 125
240 130
242 135
244 140
246 145
245 150
245 155
244 160
242 165
239 169
234 172
229 176
224 180
219 185
214 189
209 192
204 194
199 195
194 196
189 195
184 192
179 189
175 184
172 179
169 174
164 169
161 164
157 159
153 154
151 149
148 144
144 139
140 134
137 129
135 124
132 119
128 114
123 111
118 110
113 110
108 112
103 115
101 120
101 125
102 130
106 135
111 140
113 145
114 150
115 155
117 160
120 165
123 170
126 175
129 180
128 185
127 190
125 195
121 200
116 203
111 204
106 206
101 208
96 209
91 212
86 217
82 221
79 226
74 230
69 232
64 235
62 240
61 245
62 250
64 255
68 260
73 261
78 260
83 258
88 256
93 251
98 248
103 246
108 245
113 244
118 241
123 238
128 236
133 236
138 236
143 236
148 235
153 232
158 231
163 232
168 231
173 231
178 231
183 230
188 230
193 231
198 232
203 232
208 233
213 232
218 233
223 235
228 236
233 239
238 242
243 243
248 244
253 246
258 249
263 251
268 255
273 257
278 258
283 258
288 259
293 262
298 266
303 269
308 270
313 270
318 267
320 262
321 257
321 252
319 247
314 243
309 241
304 240
300 238
297 233
292 228
287 224
282 222
277 220
272 219
267 217
262 213
260 208
259 203
259 198
259 193
262 188
267 185
272 181
277 178
282 176
287 174
292 174
297 174
302 173
307 170
310 165
311 160
312 155
312 150
310 145
311 140
312 135
313 130
313 125
312 120
311 115
308 110
307 105
306 100
305 95
304 90
303 85
300 81
295 76
290 73
