1
201
260 60
255 62
250 65
247 70
246 75
250 80
254 84
250 88
245 89
240 91
235 92
230 93
225 89
220 87
215 87
210 86
205 87
200 89
197 94
196 99
198 104
200 109
205 112
210 115
215 117
219 121
222 126
226 129
230 134
230 139
231 144
231 149
230 154
226 159
221 163
217 168
213 173
209 178
206 183
201 187
196 189
191 189
186 189
181 188
176 185
171 181
168 176
165 171
163 166
162 161
161 156
161 151
161 146
160 141
158 136
155 131
153 126
151 121
152 116
152 111
152 106
150 101
146 97
141 96
136 96
131 99
127 103
125 108
124 113
125 118
125 123
125 128
125 133
125 138
125 143
126 148
128 153
128 158
129 163
129 168
128 173
127 178
125 183
124 188
121 193
117 197
112 200
107 202
102 204
97 206
92 207
87 210
82 214
78 218
75 222
70 227
65 230
60 233
57 238
56 243
57 248
60 253
64 257
69 259
74 260
79 257
84 252
89 250
94 245
99 243
104 241
109 239
114 238
119 236
124 234
129 233
134 233
139 232
144 231
149 229
154 227
159 227
164 227
169 227
174 226
179 225
184 225
189 225
194 225
199 225
204 226
209 226
214 225
219 225
224 227
229 228
234 230
239 231
244 232
249 233
254 234
259 235
264 237
269 238
274 238
279 239
284 239
289 240
294 243
299 245
304 247
309 247
314 247
318 244
320 239
321 234
320 229
317 224
312 222
307 220
302 220
297 218
292 213
287 209
282 206
277 204
272 203
267 203
262 201
257 198
252 195
250 190
250 185
251 180
253 175
258 170
262 166
267 162
272 158
277 155
282 154
287 152
292 150
296 145
297 140
297 135
297 130
297 125
296 120
295 115
295 110
294 105
293 100
291 95
287 91
282 88
277 83
277 78
276 73
273 68
269 63
264 61
