1
90
215 117
210 119
205 122
200 125
195 129
190 132
185 131
180 132
175 134
170 138
166 142
161 143
156 145
151 146
146 149
141 152
138 157
134 162
129 165
124 167
119 171
115 174
113 179
112 184
114 189
116 194
121 197
126 198
131 197
136 195
141 190
146 188
151 187
156 186
161 185
166 182
171 180
176 178
181 177
186 179
191 182
196 186
201 191
206 194
211 194
216 194
221 192
226 188
231 186
236 186
241 185
246 184
251 184
256 186
261 187
266 189
271 190
276 191
281 192
286 192
291 193
296 196
301 197
306 198
311 197
316 195
319 190
320 185
320 180
319 175
314 171
309 169
304 167
299 165
294 162
289 160
284 156
279 153
274 151
269 151
264 150
259 147
254 145
249 143
244 139
239 136
235 131
232 126
228 122
223 119
218 118
