1
122
213 115
208 117
203 120
198 124
193 129
188 130
183 130
178 131
173 134
168 137
163 137
158 138
153 139
148 140
143 143
138 148
134 152
129 155
124 155
119 157
114 159
110 164
108 169
108 174
111 179
115 183
120 185
125 185
129 182
134 179
139 178
144 177
149 177
154 177
159 176
164 175
169 173
174 174
179 174
184 177
188 181
192 186
194 191
195 196
195 201
196 206
194 211
194 216
193 221
192 226
189 231
185 236
184 241
183 246
184 251
187 256
192 259
197 260
202 260
207 260
212 259
217 258
222 260
227 260
232 260
237 259
242 256
244 251
245 246
244 241
242 236
238 231
235 226
235 221
234 216
233 211
232 206
232 201
232 196
233 191
237 187
241 182
246 180
251 178
256 179
261 179
266 180
271 181
276 182
281 182
286 180
291 181
296 184
301 184
306 185
311 185
316 184
320 179
322 174
322 169
321 164
316 159
311 157
306 155
301 155
296 153
291 152
286 149
281 147
276 146
271 145
266 145
261 142
256 141
251 139
246 137
241 135
236 132
233 127
229 122
224 118
219 116
214 115
