1
131
203 109
198 111
193 114
188 116
183 118
178 119
173 120
168 122
163 122
158 124
153 125
148 124
143 125
138 124
133 125
128 126
123 130
118 134
113 135
108 137
103 138
98 141
95 146
93 151
95 156
98 161
103 164
108 165
113 165
118 163
123 162
128 161
133 160
138 161
143 161
148 161
153 160
158 160
163 162
168 163
173 168
174 173
177 178
178 183
180 188
180 193
178 198
176 203
174 208
173 213
170 218
166 223
164 228
162 233
161 238
160 243
160 248
158 253
153 257
151 262
150 267
150 272
152 277
156 280
161 282
166 282
171 280
175 275
178 270
180 265
185 261
190 258
195 256
200 255
205 252
210 252
215 251
220 249
225 246
228 241
229 236
229 231
226 226
224 221
220 216
218 211
216 206
216 201
215 196
216 191
217 186
220 181
225 177
230 176
235 176
240 177
245 180
250 181
255 182
260 183
265 184
270 184
275 185
280 189
285 191
290 192
295 191
300 189
304 185
306 180
305 175
302 170
297 166
292 164
287 162
282 158
277 154
272 151
267 148
262 146
257 145
252 144
247 140
242 138
237 135
232 132
227 127
224 122
222 117
217 113
212 111
207 110
