1
145
208 100
203 101
198 103
193 108
188 110
183 111
178 112
173 114
168 116
163 117
158 120
153 121
148 121
143 122
138 122
133 124
128 126
123 130
118 133
113 135
108 138
103 140
101 145
100 150
101 155
104 160
109 162
114 163
119 163
124 162
129 158
134 155
139 156
144 156
149 156
154 155
159 155
164 154
169 154
174 156
179 160
183 165
185 170
187 175
189 180
188 185
188 190
187 195
186 200
185 205
182 210
180 215
176 220
174 225
173 230
172 235
171 240
168 245
164 250
161 255
160 260
158 265
156 270
155 275
152 280
149 284
148 289
147 294
148 299
150 304
155 306
160 307
165 307
170 304
175 299
177 294
179 289
184 285
188 281
193 276
196 271
198 266
200 261
203 256
207 251
212 247
216 244
221 243
226 241
231 239
236 237
240 232
241 227
241 222
239 217
236 212
232 208
229 203
227 198
226 193
225 188
223 183
223 178
225 173
229 168
234 165
239 163
244 163
249 164
254 165
259 167
264 168
269 168
274 168
279 168
284 169
289 170
294 173
299 174
304 173
309 170
312 165
313 160
312 155
310 150
305 147
300 145
295 144
290 144
286 140
281 136
276 134
271 132
266 130
261 129
256 128
251 127
246 125
241 123
236 120
231 116
226 111
223 106
218 102
213 100
null
