1
157
200 90
196 94
191 98
186 100
181 103
176 105
171 108
166 110
161 112
156 116
151 117
146 118
141 119
136 120
131 122
126 125
121 130
116 134
111 137
106 140
102 143
100 148
100 153
101 158
105 163
110 164
115 164
120 164
125 162
129 157
134 154
139 155
144 154
149 154
154 152
159 151
164 150
169 149
174 152
179 155
183 160
186 165
188 170
189 175
189 180
188 185
188 190
188 195
188 200
187 205
185 210
184 215
183 220
182 225
182 230
180 235
178 240
174 245
173 250
172 255
171 260
172 265
171 270
173 275
171 280
170 285
169 290
171 295
173 300
176 305
180 307
185 307
190 306
194 302
196 297
198 292
199 287
201 282
202 277
204 272
208 267
209 262
210 257
211 252
214 247
219 242
224 237
229 235
234 234
239 234
244 236
249 239
254 243
259 245
264 246
269 244
272 239
273 234
273 229
272 224
267 220
262 218
258 213
254 209
250 204
247 199
242 195
237 192
233 188
228 184
225 179
223 174
223 169
224 164
226 159
229 154
234 151
239 150
244 149
249 149
254 149
259 150
264 149
269 149
274 148
279 148
284 149
289 149
294 149
299 149
304 147
308 143
313 138
314 133
313 128
308 124
304 120
299 118
294 117
289 116
284 115
279 114
274 113
269 112
264 112
259 112
254 112
249 112
244 111
239 111
234 108
229 107
224 104
220 99
216 94
211 91
206 90
201 90
