1
167
185 86
180 88
175 91
172 96
168 101
163 104
158 107
153 111
148 114
143 119
138 119
133 120
128 121
123 123
118 127
115 132
112 137
109 142
104 145
99 147
94 150
91 155
90 160
91 165
94 170
99 172
104 173
109 173
114 170
119 165
124 162
129 160
134 158
139 157
144 155
149 153
154 151
159 150
164 151
169 153
173 158
177 162
181 167
182 172
182 177
182 182
183 187
183 192
181 197
178 202
176 207
174 212
173 217
171 222
171 227
167 232
163 236
161 241
159 246
158 251
157 256
157 261
156 266
152 271
152 276
150 281
151 286
153 291
158 294
163 295
168 294
173 292
176 287
178 282
179 277
183 272
186 267
189 262
193 257
195 252
199 247
203 242
208 239
213 235
218 233
223 234
228 236
233 240
237 245
242 248
247 252
252 255
257 260
259 265
263 269
268 274
273 275
278 274
283 272
287 268
288 263
288 258
286 253
283 248
278 245
274 240
273 235
271 230
269 225
264 220
259 217
254 213
249 208
246 203
241 198
236 194
231 190
226 186
222 181
219 176
217 171
214 166
214 161
215 156
217 151
220 146
225 142
230 140
235 139
240 137
245 138
250 138
255 137
260 135
265 132
270 131
275 130
280 130
285 131
290 130
295 127
299 123
301 118
301 113
298 108
295 103
290 102
285 101
280 102
275 102
270 102
265 102
260 101
255 100
250 100
245 101
240 102
235 102
230 103
225 102
220 102
215 100
210 98
205 96
201 92
197 89
192 87
187 86
